%YAML:1.0
rgb_intrinsics: !!opencv-matrix
   rows: 3
   cols: 3
   dt: d
   data: [ 6.3952480325858539e+02, 0., 320., 0., 6.3952480325858539e+02,
       240., 0., 0., 1. ]
rgb_distortion: !!opencv-matrix
   rows: 1
   cols: 5
   dt: d
   data: [ 0., 0., 0., 0., 0. ]
depth_intrinsics: !!opencv-matrix
   rows: 3
   cols: 3
   dt: d
   data: [ 6.3952480325858539e+02, 0., 320., 0., 6.3952480325858539e+02,
       240., 0., 0., 1. ]
depth_distortion: !!opencv-matrix
   rows: 1
   cols: 5
   dt: d
   data: [ 0., 0., 0., 0., 0. ]
R: !!opencv-matrix
   rows: 3
   cols: 3
   dt: d
   data: [ 1., 0., 0., 0., 1., 0., 0., 0., 1. ]
T: !!opencv-matrix
   rows: 3
   cols: 1
   dt: d
   data: [ 0., 0., 0. ]
R_extrinsics: !!opencv-matrix
   rows: 3
   cols: 3
   dt: d
   data: [ 6.4262518510416322e-01, -1.6083226740943320e-02,
       7.6601188064379211e-01, -3.3878777815949987e-02,
       9.9820530822735365e-01, 4.9380067238018459e-02,
       -7.6543131624172345e-01, -5.7684421157996678e-02,
       6.4092699090624161e-01 ]
T_extrinsics: !!opencv-matrix
   rows: 3
   cols: 1
   dt: d
   data: [ 1.1941645244091501e+00, 7.2647675542534124e-02,
       -4.1169466413658151e-01 ]
rgb_size: !!opencv-matrix
   rows: 1
   cols: 2
   dt: i
   data: [ 640, 480 ]
raw_rgb_size: !!opencv-matrix
   rows: 1
   cols: 2
   dt: i
   data: [ 640, 480 ]
depth_size: !!opencv-matrix
   rows: 1
   cols: 2
   dt: i
   data: [ 640, 480 ]
raw_depth_size: !!opencv-matrix
   rows: 1
   cols: 2
   dt: i
   data: [ 640, 480 ]
depth_base_and_offset: !!opencv-matrix
   rows: 1
   cols: 2
   dt: f
   data: [ 7.50000030e-02, 1090. ]
depth_multiplicative_correction_factor: !!opencv-matrix
   rows: 1
   cols: 1
   dt: f
   data: [ 1. ]
depth_additive_correction_factor: !!opencv-matrix
   rows: 1
   cols: 1
   dt: f
   data: [ 0. ]
