%YAML:1.0
rgb_intrinsics: !!opencv-matrix
   rows: 3
   cols: 3
   dt: d
   data: [ 8.6108623939988081e+02, 0., 320., 0., 8.6108623939988081e+02,
       240., 0., 0., 1. ]
rgb_distortion: !!opencv-matrix
   rows: 1
   cols: 5
   dt: d
   data: [ 0., 0., 0., 0., 0. ]
depth_intrinsics: !!opencv-matrix
   rows: 3
   cols: 3
   dt: d
   data: [ 8.6108623939988081e+02, 0., 320., 0., 8.6108623939988081e+02,
       240., 0., 0., 1. ]
depth_distortion: !!opencv-matrix
   rows: 1
   cols: 5
   dt: d
   data: [ 0., 0., 0., 0., 0. ]
R: !!opencv-matrix
   rows: 3
   cols: 3
   dt: d
   data: [ 1., 0., 0., 0., 1., 0., 0., 0., 1. ]
T: !!opencv-matrix
   rows: 3
   cols: 1
   dt: d
   data: [ 0., 0., 0. ]
R_extrinsics: !!opencv-matrix
   rows: 3
   cols: 3
   dt: d
   data: [ 3.4581446131453536e-01, -9.2707199980369123e-02,
       9.3371180426164568e-01, -3.3455385884665692e-02,
       9.9325601869259128e-01, 1.1100999273151485e-01,
       -9.3770629490317803e-01, -6.9626549553620076e-02,
       3.4038073990196838e-01 ]
T_extrinsics: !!opencv-matrix
   rows: 3
   cols: 1
   dt: d
   data: [ 2.2062453623559546e+00, 2.2990717756317150e-01,
       -1.2515875408514474e+00 ]
rgb_size: !!opencv-matrix
   rows: 1
   cols: 2
   dt: i
   data: [ 640, 480 ]
raw_rgb_size: !!opencv-matrix
   rows: 1
   cols: 2
   dt: i
   data: [ 640, 480 ]
depth_size: !!opencv-matrix
   rows: 1
   cols: 2
   dt: i
   data: [ 640, 480 ]
raw_depth_size: !!opencv-matrix
   rows: 1
   cols: 2
   dt: i
   data: [ 640, 480 ]
depth_base_and_offset: !!opencv-matrix
   rows: 1
   cols: 2
   dt: f
   data: [ 7.50000030e-02, 1090. ]
depth_multiplicative_correction_factor: !!opencv-matrix
   rows: 1
   cols: 1
   dt: f
   data: [ 1. ]
depth_additive_correction_factor: !!opencv-matrix
   rows: 1
   cols: 1
   dt: f
   data: [ 0. ]
