%YAML:1.0
rgb_intrinsics: !!opencv-matrix
   rows: 3
   cols: 3
   dt: d
   data: [ 6.4259947155970792e+02, 0., 320., 0., 6.4259947155970792e+02,
       240., 0., 0., 1. ]
rgb_distortion: !!opencv-matrix
   rows: 1
   cols: 5
   dt: d
   data: [ 0., 0., 0., 0., 0. ]
depth_intrinsics: !!opencv-matrix
   rows: 3
   cols: 3
   dt: d
   data: [ 6.4259947155970792e+02, 0., 320., 0., 6.4259947155970792e+02,
       240., 0., 0., 1. ]
depth_distortion: !!opencv-matrix
   rows: 1
   cols: 5
   dt: d
   data: [ 0., 0., 0., 0., 0. ]
R: !!opencv-matrix
   rows: 3
   cols: 3
   dt: d
   data: [ 1., 0., 0., 0., 1., 0., 0., 0., 1. ]
T: !!opencv-matrix
   rows: 3
   cols: 1
   dt: d
   data: [ 0., 0., 0. ]
R_extrinsics: !!opencv-matrix
   rows: 3
   cols: 3
   dt: d
   data: [ 9.2822707494613788e-01, 5.4756905666620621e-02,
       3.6796219726862389e-01, -4.4197738052659745e-02,
       9.9833481826672033e-01, -3.7069537188680064e-02,
       -3.6937928649014062e-01, 1.8145851266095830e-02,
       9.2910153954982955e-01 ]
T_extrinsics: !!opencv-matrix
   rows: 3
   cols: 1
   dt: d
   data: [ 1.0605433355474274e+00, 2.4704401346831391e-02,
       -1.7183696125191994e-01 ]
rgb_size: !!opencv-matrix
   rows: 1
   cols: 2
   dt: i
   data: [ 640, 480 ]
raw_rgb_size: !!opencv-matrix
   rows: 1
   cols: 2
   dt: i
   data: [ 640, 480 ]
depth_size: !!opencv-matrix
   rows: 1
   cols: 2
   dt: i
   data: [ 640, 480 ]
raw_depth_size: !!opencv-matrix
   rows: 1
   cols: 2
   dt: i
   data: [ 640, 480 ]
depth_base_and_offset: !!opencv-matrix
   rows: 1
   cols: 2
   dt: f
   data: [ 7.50000030e-02, 1090. ]
depth_multiplicative_correction_factor: !!opencv-matrix
   rows: 1
   cols: 1
   dt: f
   data: [ 1. ]
depth_additive_correction_factor: !!opencv-matrix
   rows: 1
   cols: 1
   dt: f
   data: [ 0. ]
